[20, 20, 20, 20, 20, 20, 20, 20, 19, 20, 20, 20, 20, 20, 20, 20, 20, 20, 20, 20, 20, 20, 20, 20, 20, 20, 20, 20, 20, 20, 20, 20, 20, 20, 20, 20, 20, 20, 20, 20, 20, 20, 20, 20, 20, 20, 20, 20, 20, 20, 20, 20, 20, 20, 20, 20, 20, 20, 20, 20, 20, 20, 20, 19, 20, 20, 20, 20, 20, 20, 19, 19, 19, 19, 19, 19, 20, 20, 20, 20, 20, 20, 20, 20, 20, 20, 20, 20, 20, 20, 20, 20, 20, 20, 20, 20, 20, 20, 20, 20, 20, 20, 20, 20, 20, 20, 20, 20, 20, 20, 20, 20, 20, 20, 20, 20, 20, 20, 20, 20, 20, 20, 20, 20, 20, 20, 20, 20, 20, 20, 20, 20, 20, 20, 20, 20, 20, 20, 20, 20, 20, 20, 20, 58, 21, 59, 59, 22, 22, 63, 63, 21, 21, 21, 21, 21, 21, 22, 22, 22, 22, 22, 22, 22, 22, 22, 22, 22, 22, 23, 23, 23, 23, 23, 23, 23, 23, 85, 85, 85, 24, 24, 24, 24, 24, 24, 24, 24, 24, 24, 24, 24, 84, 23, 23, 23, 23, 23, 23, 23, 23, 23, 23, 24, 24, 24, 24, 24, 24, 24, 25, 25, 25, 25, 25, 25, 25, 25, 25, 25, 25, 25, 25, 25, 66]
[20 20 20 20 20 20 20 20 20 20 20 20 20 20 20 20 20 20 20 20 20 20 20 20
 20 20 20 20 20 20 20 20 20 20 20 20 20 20 20 20 20 20 20 20 20 20 20 20
 20 20 20 20 20 20 20 20 20 20 20 20 20 20 20 20 20 20 20 20 20 20 20 20
 20 20 20 20 20 20 20 20 20 20 20 20 20 20 20 20 20 20 20 20 20 20 20 20
 20 20 20 20 20 20 20 20 20 20 20 20 20 20 20 20 20 20 20 20 20 20 20 20
 20 20 20 20 20 20 20 20 20 20 20 20 20 20 20 20 20 20 20 20 20 20 20 20
 20 20 21 21 21 21 21 21 21 21 21 21 21 21 21 21 21 22 22 22 22 22 22 22
 22 22 22 22 22 22 23 23 23 23 23 23 23 24 24 24 24 24 24 24 24 24 24 24
 24 24 24 23 23 23 23 23 23 23 23 23 23 24 24 24 24 24 24 24 24 24 25 25
 25 25 25 25 25 25 25 25 25]
[20 20 20 20 20 20 20 20 20 20 20 20 20 20 20 20 20 20 20 20 20 20 22 22
 22 20 20 20 20 20 20 20 20 20 20 20 20 20 20 20 20 20 20 20 20 20 20 20
 20 20 20 20 20 20 20 20 20 20 20 20 20 20 20 20 20 20 20 20 20 20 20 20
 20 20 20 20 20 20 20 20 20 20 20 20 20 20 20 20 20 20 20 20 20 20 20 20
 20 20 20 20 20 20 20 20 20 20 20 20 20 20 20 20 20 20 20 20 20 20 20 20
 20 20 20 20 20 20 20 20 20 20 20 20 20 20 20 20 20 20 20 20 20 20 20 20
 20 20 21 21 21 21 21 21 21 21 21 21 21 21 21 21 21 22 22 22 22 22 22 22
 22 22 22 22 22 22 23 23 23 23 23 23 23 24 24 24 24 24 24 24 24 24 24 24
 24 24 24 23 23 23 23 23 23 23 23 23 23 24 24 24 24 24 24 24 24 24 25 25
 25 25 25 25 25 25 25 25 25]
[58, 59, 60, 61, 62, 63, 68, 68, 72, 72, 67, 66, 65, 64, 60, 60, 59, 58, 58, 58, 58, 60, 59, 59, 58, 58, 58, 59, 59, 59, 59, 59, 60, 61, 61, 61, 60, 59, 153, 52, 47, 46, 46, 46, 46, 46, 46, 46, 46, 46, 46, 47, 47, 47, 48, 49, 51, 52, 52, 52, 53, 53, 54, 54, 55, 55, 56, 57, 58, 59, 60, 66, 66, 66, 66, 71, 70, 70, 68, 67, 67, 68, 68, 67, 68, 67, 66, 66, 62, 61, 61, 61, 60, 60, 59, 59, 59, 60, 60, 59, 59, 59, 59, 59, 58, 57, 57, 58, 58, 57, 57, 58, 58, 58, 57, 57, 57, 58, 58, 58, 58, 58, 59, 59, 59, 59, 59, 59, 59, 59, 59, 60, 60, 60, 60, 59, 59, 58, 58, 58, 58, 58, 58, 58, 58, 59, 59, 61, 62, 63, 63, 64, 64, 64, 64, 64, 65, 66, 68, 69, 70, 71, 72, 73, 75, 76, 77, 78, 79, 80, 83, 84, 84, 85, 86, 86, 86, 85, 85, 85, 85, 86, 86, 86, 86, 30, 30, 30, 30, 30, 84, 84, 84, 84, 86, 86, 86, 87, 87, 88, 89, 91, 91, 92, 30, 30, 30, 30, 30, 81, 81, 30, 79, 79, 79, 79, 31, 73, 31, 67, 67, 66, 66, 66, 66]
[58 59 59 60 61 62 62 68 69 72 72 66 66 65 65 60 60 59 58 58 58 58 59 59
 59 59 59 59 59 59 59 59 59 60 61 61 61 60 60 60 61 47 46 46 46 46 46 46
 46 46 46 46 46 47 47 48 47 51 52 52 52 53 53 54 54 55 56 56 57 59 60 60
 66 66 66 66 70 70 70 68 68 68 68 68 68 68 67 66 66 62 61 61 61 60 60 60
 60 60 60 59 59 59 59 59 59 57 57 57 57 57 57 57 57 57 57 57 57 57 57 58
 58 58 58 59 59 59 59 59 59 59 59 59 60 60 60 60 59 59 59 58 58 58 58 58
 58 58 59 59 61 62 62 63 63 64 64 64 65 65 67 69 69 70 71 72 73 75 76 77
 78 79 82 83 84 84 86 86 86 86 86 85 85 85 86 86 86 86 86 86 30 30 30 30
 84 84 85 86 86 86 87 87 88 88 88 88 92 87 86 30 30 30 30 30 30 30 30 30
 30 30 31 31 31 31 31 31 30]
[20 60 61 62 63 70 68 72 72 66 66 65 59 59 59 59 58 58 58 58 59 59 59 59
 59 59 59 59 59 59 59 60 61 61 61 60 60 59 53 53 48 47 46 46 46 46 46 46
 46 46 46 46 46 47 47 48 47 51 52 52 52 53 53 54 54 55 56 56 57 59 60 60
 66 66 66 66 70 70 70 68 68 68 68 68 68 68 67 66 66 62 61 61 61 60 60 60
 60 60 60 59 59 59 59 59 59 57 57 57 57 57 57 57 57 57 57 57 57 57 57 58
 58 58 58 59 59 59 59 59 59 59 59 59 60 60 60 60 59 59 59 58 58 58 58 58
 58 58 59 59 61 62 62 63 63 64 64 64 65 65 67 69 69 70 71 72 73 75 76 77
 78 79 82 83 84 84 86 86 86 86 86 85 85 85 86 86 86 86 86 86 30 30 30 30
 84 84 85 86 86 86 87 87 88 88 88 88 92 87 86 30 30 30 30 30 30 30 30 30
 30 30 31 31 31 31 31 31 30]
